{
 "cells": [
  {
   "cell_type": "code",
   "execution_count": 51,
   "id": "16d6d747-2feb-4a05-ad85-4cfd189ae54f",
   "metadata": {},
   "outputs": [
    {
     "name": "stdout",
     "output_type": "stream",
     "text": [
      "Time-based percentages (3-minute intervals starting from 0):\n",
      "Time 0.0 min: Anti-parallel: 12.9%, Orthogonal: 23.3%, Parallel: 3.8%, Random: 60.0%\n",
      "Time 3.0 min: Anti-parallel: 9.9%, Orthogonal: 20.7%, Parallel: 5.9%, Random: 63.5%\n",
      "Time 6.0 min: Anti-parallel: 7.6%, Orthogonal: 13.6%, Parallel: 10.6%, Random: 68.2%\n",
      "Time 9.0 min: Anti-parallel: 13.7%, Orthogonal: 22.1%, Parallel: 6.3%, Random: 57.9%\n",
      "Time 12.0 min: Anti-parallel: 12.6%, Orthogonal: 21.3%, Parallel: 7.1%, Random: 59.0%\n",
      "Time 15.0 min: Anti-parallel: 10.1%, Orthogonal: 16.1%, Parallel: 14.3%, Random: 59.5%\n",
      "Time 18.0 min: Anti-parallel: 7.6%, Orthogonal: 22.2%, Parallel: 17.7%, Random: 52.5%\n",
      "Time 21.0 min: Anti-parallel: 12.8%, Orthogonal: 18.8%, Parallel: 7.4%, Random: 61.1%\n",
      "Time 24.0 min: Anti-parallel: 19.7%, Orthogonal: 13.8%, Parallel: 9.2%, Random: 57.2%\n",
      "Time 27.0 min: Anti-parallel: 0.0%, Orthogonal: 4.3%, Parallel: 46.0%, Random: 49.6%\n",
      "Time 30.0 min: Anti-parallel: 6.2%, Orthogonal: 7.0%, Parallel: 14.8%, Random: 71.9%\n",
      "Time 33.0 min: Anti-parallel: 0.0%, Orthogonal: 2.8%, Parallel: 28.7%, Random: 68.5%\n",
      "Time 36.0 min: Anti-parallel: 0.0%, Orthogonal: 13.1%, Parallel: 11.2%, Random: 75.7%\n",
      "Time 39.0 min: Anti-parallel: 1.9%, Orthogonal: 13.3%, Parallel: 10.5%, Random: 74.3%\n",
      "Time 42.0 min: Anti-parallel: 14.4%, Orthogonal: 19.6%, Parallel: 3.1%, Random: 62.9%\n",
      "Time 45.0 min: Anti-parallel: 9.7%, Orthogonal: 19.4%, Parallel: 12.6%, Random: 58.3%\n",
      "Time 48.0 min: Anti-parallel: 21.4%, Orthogonal: 17.3%, Parallel: 2.0%, Random: 59.2%\n",
      "Time 51.0 min: Anti-parallel: 4.9%, Orthogonal: 22.3%, Parallel: 7.8%, Random: 65.0%\n",
      "Time 54.0 min: Anti-parallel: 15.9%, Orthogonal: 18.7%, Parallel: 5.6%, Random: 59.8%\n",
      "Time 57.0 min: Anti-parallel: 3.7%, Orthogonal: 30.8%, Parallel: 6.5%, Random: 58.9%\n",
      "Time 60.0 min: Anti-parallel: 9.7%, Orthogonal: 12.6%, Parallel: 8.7%, Random: 68.9%\n",
      "Time 63.0 min: Anti-parallel: 6.4%, Orthogonal: 24.5%, Parallel: 11.8%, Random: 57.3%\n",
      "Time 66.0 min: Anti-parallel: 8.4%, Orthogonal: 21.8%, Parallel: 9.2%, Random: 60.5%\n",
      "Time 69.0 min: Anti-parallel: 6.6%, Orthogonal: 26.4%, Parallel: 6.6%, Random: 60.3%\n",
      "Time 72.0 min: Anti-parallel: 6.5%, Orthogonal: 23.4%, Parallel: 5.6%, Random: 64.5%\n",
      "Time 75.0 min: Anti-parallel: 10.9%, Orthogonal: 21.7%, Parallel: 3.9%, Random: 63.6%\n",
      "Time 78.0 min: Anti-parallel: 6.6%, Orthogonal: 22.8%, Parallel: 4.4%, Random: 66.2%\n",
      "Time 81.0 min: Anti-parallel: 12.2%, Orthogonal: 17.3%, Parallel: 7.2%, Random: 63.3%\n",
      "Time 84.0 min: Anti-parallel: 9.0%, Orthogonal: 22.2%, Parallel: 16.0%, Random: 52.8%\n",
      "Time 87.0 min: Anti-parallel: 6.1%, Orthogonal: 25.9%, Parallel: 5.4%, Random: 62.6%\n",
      "Time 90.0 min: Anti-parallel: 7.6%, Orthogonal: 27.1%, Parallel: 11.8%, Random: 53.5%\n",
      "Time 93.0 min: Anti-parallel: 10.1%, Orthogonal: 23.5%, Parallel: 8.7%, Random: 57.7%\n",
      "Time 96.0 min: Anti-parallel: 3.4%, Orthogonal: 20.7%, Parallel: 8.3%, Random: 67.6%\n",
      "Time 99.0 min: Anti-parallel: 8.9%, Orthogonal: 18.4%, Parallel: 8.2%, Random: 64.6%\n",
      "Time 102.0 min: Anti-parallel: 8.3%, Orthogonal: 23.1%, Parallel: 5.8%, Random: 62.8%\n",
      "Time 105.0 min: Anti-parallel: 6.6%, Orthogonal: 25.7%, Parallel: 7.9%, Random: 59.9%\n",
      "Time 108.0 min: Anti-parallel: 6.4%, Orthogonal: 17.9%, Parallel: 11.5%, Random: 64.1%\n",
      "Time 111.0 min: Anti-parallel: 6.5%, Orthogonal: 23.9%, Parallel: 10.3%, Random: 59.4%\n",
      "Time 114.0 min: Anti-parallel: 4.0%, Orthogonal: 19.9%, Parallel: 17.2%, Random: 58.9%\n",
      "Time 117.0 min: Anti-parallel: 4.0%, Orthogonal: 21.5%, Parallel: 14.8%, Random: 59.7%\n",
      "Time 120.0 min: Anti-parallel: 2.6%, Orthogonal: 28.6%, Parallel: 11.0%, Random: 57.8%\n",
      "Time 123.0 min: Anti-parallel: 11.1%, Orthogonal: 19.6%, Parallel: 5.9%, Random: 63.4%\n",
      "Time 126.0 min: Anti-parallel: 2.6%, Orthogonal: 27.2%, Parallel: 7.3%, Random: 62.9%\n",
      "Time 129.0 min: Anti-parallel: 12.8%, Orthogonal: 19.6%, Parallel: 6.1%, Random: 61.5%\n",
      "Time 132.0 min: Anti-parallel: 7.5%, Orthogonal: 15.0%, Parallel: 12.2%, Random: 65.3%\n",
      "Time 135.0 min: Anti-parallel: 10.0%, Orthogonal: 20.7%, Parallel: 9.3%, Random: 60.0%\n",
      "Time 138.0 min: Anti-parallel: 8.5%, Orthogonal: 20.4%, Parallel: 12.7%, Random: 58.5%\n",
      "Time 141.0 min: Anti-parallel: 11.2%, Orthogonal: 24.5%, Parallel: 9.1%, Random: 55.2%\n",
      "Time 144.0 min: Anti-parallel: 9.1%, Orthogonal: 21.0%, Parallel: 11.9%, Random: 58.0%\n",
      "Time 147.0 min: Anti-parallel: 9.7%, Orthogonal: 20.0%, Parallel: 10.3%, Random: 60.0%\n",
      "Time 150.0 min: Anti-parallel: 5.3%, Orthogonal: 23.7%, Parallel: 8.6%, Random: 62.5%\n",
      "Time 153.0 min: Anti-parallel: 9.7%, Orthogonal: 24.7%, Parallel: 7.8%, Random: 57.8%\n",
      "Time 156.0 min: Anti-parallel: 3.2%, Orthogonal: 19.7%, Parallel: 4.5%, Random: 72.6%\n",
      "Time 159.0 min: Anti-parallel: 11.1%, Orthogonal: 22.9%, Parallel: 8.5%, Random: 57.5%\n",
      "Time 162.0 min: Anti-parallel: 7.4%, Orthogonal: 18.8%, Parallel: 10.1%, Random: 63.8%\n",
      "Time 165.0 min: Anti-parallel: 5.1%, Orthogonal: 15.8%, Parallel: 10.1%, Random: 69.0%\n",
      "Time 168.0 min: Anti-parallel: 9.6%, Orthogonal: 14.4%, Parallel: 11.6%, Random: 64.4%\n",
      "Time 171.0 min: Anti-parallel: 9.1%, Orthogonal: 22.7%, Parallel: 14.3%, Random: 53.9%\n",
      "Time 174.0 min: Anti-parallel: 5.1%, Orthogonal: 21.7%, Parallel: 15.9%, Random: 57.3%\n",
      "Time 177.0 min: Anti-parallel: 2.5%, Orthogonal: 25.3%, Parallel: 12.7%, Random: 59.5%\n",
      "Time 180.0 min: Anti-parallel: 13.8%, Orthogonal: 20.0%, Parallel: 8.1%, Random: 58.1%\n",
      "Time 183.0 min: Anti-parallel: 5.5%, Orthogonal: 22.7%, Parallel: 7.4%, Random: 64.4%\n",
      "Time 186.0 min: Anti-parallel: 4.9%, Orthogonal: 18.5%, Parallel: 17.9%, Random: 58.6%\n",
      "Time 189.0 min: Anti-parallel: 2.5%, Orthogonal: 16.9%, Parallel: 13.1%, Random: 67.5%\n",
      "Time 192.0 min: Anti-parallel: 4.4%, Orthogonal: 18.9%, Parallel: 11.3%, Random: 65.4%\n",
      "Time 195.0 min: Anti-parallel: 7.5%, Orthogonal: 25.5%, Parallel: 12.4%, Random: 54.7%\n",
      "Time 198.0 min: Anti-parallel: 9.0%, Orthogonal: 23.2%, Parallel: 15.5%, Random: 52.3%\n",
      "Time 201.0 min: Anti-parallel: 8.2%, Orthogonal: 17.6%, Parallel: 11.9%, Random: 62.3%\n",
      "Time 204.0 min: Anti-parallel: 7.7%, Orthogonal: 18.7%, Parallel: 14.8%, Random: 58.7%\n",
      "Time 207.0 min: Anti-parallel: 10.3%, Orthogonal: 21.8%, Parallel: 7.1%, Random: 60.9%\n",
      "Time 210.0 min: Anti-parallel: 10.3%, Orthogonal: 19.9%, Parallel: 8.3%, Random: 61.5%\n",
      "Time 213.0 min: Anti-parallel: 13.0%, Orthogonal: 23.4%, Parallel: 4.5%, Random: 59.1%\n",
      "Time 216.0 min: Anti-parallel: 5.2%, Orthogonal: 24.2%, Parallel: 9.8%, Random: 60.8%\n",
      "Time 219.0 min: Anti-parallel: 9.9%, Orthogonal: 27.3%, Parallel: 7.5%, Random: 55.3%\n",
      "Time 222.0 min: Anti-parallel: 7.1%, Orthogonal: 21.3%, Parallel: 9.7%, Random: 61.9%\n",
      "Time 225.0 min: Anti-parallel: 13.1%, Orthogonal: 24.2%, Parallel: 7.8%, Random: 54.9%\n",
      "Time 228.0 min: Anti-parallel: 9.0%, Orthogonal: 28.8%, Parallel: 5.8%, Random: 56.4%\n",
      "Time 231.0 min: Anti-parallel: 11.4%, Orthogonal: 17.1%, Parallel: 4.4%, Random: 67.1%\n",
      "Time 234.0 min: Anti-parallel: 5.6%, Orthogonal: 20.6%, Parallel: 11.2%, Random: 62.5%\n",
      "Time 237.0 min: Anti-parallel: 14.4%, Orthogonal: 13.1%, Parallel: 4.4%, Random: 68.1%\n",
      "Time 240.0 min: Anti-parallel: 22.8%, Orthogonal: 22.2%, Parallel: 4.3%, Random: 50.6%\n",
      "Time 243.0 min: Anti-parallel: 14.8%, Orthogonal: 22.8%, Parallel: 8.0%, Random: 54.3%\n",
      "Time 246.0 min: Anti-parallel: 4.3%, Orthogonal: 28.8%, Parallel: 5.5%, Random: 61.3%\n",
      "Time 249.0 min: Anti-parallel: 5.6%, Orthogonal: 23.0%, Parallel: 10.6%, Random: 60.9%\n",
      "Time 252.0 min: Anti-parallel: 11.4%, Orthogonal: 15.2%, Parallel: 12.0%, Random: 61.4%\n",
      "Time 255.0 min: Anti-parallel: 7.2%, Orthogonal: 22.9%, Parallel: 6.5%, Random: 63.4%\n",
      "Time 258.0 min: Anti-parallel: 6.7%, Orthogonal: 22.1%, Parallel: 8.1%, Random: 63.1%\n",
      "Time 261.0 min: Anti-parallel: 11.0%, Orthogonal: 22.1%, Parallel: 4.8%, Random: 62.1%\n",
      "Time 264.0 min: Anti-parallel: 5.7%, Orthogonal: 22.1%, Parallel: 15.0%, Random: 57.1%\n",
      "Time 267.0 min: Anti-parallel: 7.8%, Orthogonal: 24.1%, Parallel: 9.9%, Random: 58.2%\n",
      "Time 270.0 min: Anti-parallel: 8.5%, Orthogonal: 35.2%, Parallel: 7.7%, Random: 48.6%\n",
      "Time 273.0 min: Anti-parallel: 5.5%, Orthogonal: 22.8%, Parallel: 9.7%, Random: 62.1%\n",
      "Time 276.0 min: Anti-parallel: 5.6%, Orthogonal: 31.2%, Parallel: 7.6%, Random: 55.6%\n",
      "Time 279.0 min: Anti-parallel: 13.4%, Orthogonal: 16.8%, Parallel: 5.4%, Random: 64.4%\n",
      "Time 282.0 min: Anti-parallel: 11.8%, Orthogonal: 30.3%, Parallel: 6.6%, Random: 51.3%\n",
      "Time 285.0 min: Anti-parallel: 7.3%, Orthogonal: 16.7%, Parallel: 7.3%, Random: 68.7%\n",
      "Time 288.0 min: Anti-parallel: 3.3%, Orthogonal: 14.6%, Parallel: 15.2%, Random: 66.9%\n",
      "Time 291.0 min: Anti-parallel: 3.2%, Orthogonal: 14.9%, Parallel: 15.6%, Random: 66.2%\n",
      "Time 294.0 min: Anti-parallel: 5.2%, Orthogonal: 21.3%, Parallel: 11.6%, Random: 61.9%\n",
      "Time 297.0 min: Anti-parallel: 7.0%, Orthogonal: 21.5%, Parallel: 17.7%, Random: 53.8%\n",
      "Time 300.0 min: Anti-parallel: 5.1%, Orthogonal: 15.2%, Parallel: 13.9%, Random: 65.8%\n",
      "Time 303.0 min: Anti-parallel: 8.3%, Orthogonal: 25.5%, Parallel: 5.7%, Random: 60.5%\n",
      "Time 306.0 min: Anti-parallel: 8.5%, Orthogonal: 13.7%, Parallel: 9.8%, Random: 68.0%\n",
      "Time 309.0 min: Anti-parallel: 6.5%, Orthogonal: 23.4%, Parallel: 8.4%, Random: 61.7%\n",
      "Time 312.0 min: Anti-parallel: 6.0%, Orthogonal: 18.5%, Parallel: 9.9%, Random: 65.6%\n",
      "Time 315.0 min: Anti-parallel: 12.7%, Orthogonal: 25.5%, Parallel: 9.6%, Random: 52.2%\n",
      "Time 318.0 min: Anti-parallel: 10.8%, Orthogonal: 15.9%, Parallel: 7.6%, Random: 65.6%\n",
      "Time 321.0 min: Anti-parallel: 10.8%, Orthogonal: 25.3%, Parallel: 8.2%, Random: 55.7%\n",
      "Time 324.0 min: Anti-parallel: 9.5%, Orthogonal: 26.6%, Parallel: 11.4%, Random: 52.5%\n",
      "Time 327.0 min: Anti-parallel: 10.2%, Orthogonal: 19.1%, Parallel: 10.8%, Random: 59.9%\n",
      "Time 330.0 min: Anti-parallel: 8.2%, Orthogonal: 19.0%, Parallel: 8.2%, Random: 64.6%\n",
      "Time 333.0 min: Anti-parallel: 10.5%, Orthogonal: 16.0%, Parallel: 9.9%, Random: 63.6%\n",
      "Time 336.0 min: Anti-parallel: 11.4%, Orthogonal: 13.3%, Parallel: 7.6%, Random: 67.7%\n",
      "Time 339.0 min: Anti-parallel: 12.3%, Orthogonal: 20.4%, Parallel: 4.3%, Random: 63.0%\n",
      "Time 342.0 min: Anti-parallel: 2.4%, Orthogonal: 14.0%, Parallel: 19.5%, Random: 64.0%\n",
      "Time 345.0 min: Anti-parallel: 3.7%, Orthogonal: 27.4%, Parallel: 1.8%, Random: 67.1%\n",
      "Time 348.0 min: Anti-parallel: 18.2%, Orthogonal: 20.0%, Parallel: 8.5%, Random: 53.3%\n",
      "Time 351.0 min: Anti-parallel: 21.0%, Orthogonal: 13.2%, Parallel: 7.2%, Random: 58.7%\n",
      "Time 354.0 min: Anti-parallel: 10.3%, Orthogonal: 21.8%, Parallel: 9.1%, Random: 58.8%\n",
      "Time 357.0 min: Anti-parallel: 5.4%, Orthogonal: 18.1%, Parallel: 12.7%, Random: 63.9%\n",
      "Time 360.0 min: Anti-parallel: 7.1%, Orthogonal: 15.9%, Parallel: 17.1%, Random: 60.0%\n",
      "Time 363.0 min: Anti-parallel: 6.5%, Orthogonal: 10.1%, Parallel: 14.8%, Random: 68.6%\n",
      "Time 366.0 min: Anti-parallel: 9.4%, Orthogonal: 19.9%, Parallel: 12.3%, Random: 58.5%\n",
      "Time 369.0 min: Anti-parallel: 4.7%, Orthogonal: 20.6%, Parallel: 14.1%, Random: 60.6%\n",
      "Time 372.0 min: Anti-parallel: 5.8%, Orthogonal: 18.7%, Parallel: 17.5%, Random: 57.9%\n",
      "Time 375.0 min: Anti-parallel: 4.2%, Orthogonal: 24.1%, Parallel: 9.6%, Random: 62.0%\n",
      "Time 378.0 min: Anti-parallel: 4.3%, Orthogonal: 12.8%, Parallel: 18.9%, Random: 64.0%\n",
      "Time 381.0 min: Anti-parallel: 8.5%, Orthogonal: 17.0%, Parallel: 13.3%, Random: 61.2%\n",
      "Time 384.0 min: Anti-parallel: 7.3%, Orthogonal: 20.1%, Parallel: 10.4%, Random: 62.2%\n",
      "Time 387.0 min: Anti-parallel: 5.5%, Orthogonal: 24.5%, Parallel: 12.3%, Random: 57.7%\n",
      "Time 390.0 min: Anti-parallel: 10.4%, Orthogonal: 19.6%, Parallel: 9.8%, Random: 60.1%\n",
      "Time 393.0 min: Anti-parallel: 6.1%, Orthogonal: 18.4%, Parallel: 10.4%, Random: 65.0%\n",
      "Time 396.0 min: Anti-parallel: 7.3%, Orthogonal: 19.4%, Parallel: 8.5%, Random: 64.8%\n",
      "Time 399.0 min: Anti-parallel: 11.5%, Orthogonal: 21.8%, Parallel: 10.3%, Random: 56.4%\n",
      "Time 402.0 min: Anti-parallel: 4.8%, Orthogonal: 19.6%, Parallel: 16.7%, Random: 58.9%\n",
      "Time 405.0 min: Anti-parallel: 6.5%, Orthogonal: 23.8%, Parallel: 12.5%, Random: 57.1%\n",
      "Time 408.0 min: Anti-parallel: 17.8%, Orthogonal: 16.6%, Parallel: 5.3%, Random: 60.4%\n",
      "Time 411.0 min: Anti-parallel: 11.2%, Orthogonal: 29.0%, Parallel: 8.3%, Random: 51.5%\n",
      "Time 414.0 min: Anti-parallel: 16.0%, Orthogonal: 22.5%, Parallel: 5.3%, Random: 56.2%\n",
      "Time 417.0 min: Anti-parallel: 5.3%, Orthogonal: 27.2%, Parallel: 5.9%, Random: 61.5%\n",
      "Time 420.0 min: Anti-parallel: 4.1%, Orthogonal: 23.1%, Parallel: 17.8%, Random: 55.0%\n",
      "Time 423.0 min: Anti-parallel: 9.4%, Orthogonal: 15.9%, Parallel: 22.9%, Random: 51.8%\n",
      "Time 426.0 min: Anti-parallel: 8.8%, Orthogonal: 16.5%, Parallel: 13.5%, Random: 61.2%\n",
      "Time 429.0 min: Anti-parallel: 6.5%, Orthogonal: 16.1%, Parallel: 19.6%, Random: 57.7%\n",
      "Time 432.0 min: Anti-parallel: 4.2%, Orthogonal: 12.5%, Parallel: 15.5%, Random: 67.9%\n",
      "Time 435.0 min: Anti-parallel: 11.2%, Orthogonal: 15.3%, Parallel: 11.8%, Random: 61.8%\n",
      "Time 438.0 min: Anti-parallel: 15.3%, Orthogonal: 18.8%, Parallel: 12.4%, Random: 53.5%\n",
      "Time 441.0 min: Anti-parallel: 8.8%, Orthogonal: 16.5%, Parallel: 14.7%, Random: 60.0%\n",
      "Time 444.0 min: Anti-parallel: 14.3%, Orthogonal: 26.8%, Parallel: 12.5%, Random: 46.4%\n",
      "Time 447.0 min: Anti-parallel: 7.2%, Orthogonal: 22.2%, Parallel: 19.8%, Random: 50.9%\n",
      "Time 450.0 min: Anti-parallel: 7.3%, Orthogonal: 12.7%, Parallel: 9.1%, Random: 70.9%\n",
      "Time 453.0 min: Anti-parallel: 10.2%, Orthogonal: 22.9%, Parallel: 12.0%, Random: 54.8%\n",
      "Time 456.0 min: Anti-parallel: 7.4%, Orthogonal: 13.6%, Parallel: 13.6%, Random: 65.4%\n",
      "Time 459.0 min: Anti-parallel: 10.7%, Orthogonal: 15.7%, Parallel: 15.7%, Random: 57.9%\n",
      "Time 462.0 min: Anti-parallel: 12.4%, Orthogonal: 16.8%, Parallel: 11.2%, Random: 59.6%\n",
      "Time 465.0 min: Anti-parallel: 7.6%, Orthogonal: 15.2%, Parallel: 8.9%, Random: 68.4%\n",
      "Time 468.0 min: Anti-parallel: 8.9%, Orthogonal: 17.8%, Parallel: 8.3%, Random: 65.0%\n",
      "Time 471.0 min: Anti-parallel: 4.4%, Orthogonal: 19.5%, Parallel: 13.2%, Random: 62.9%\n",
      "Time 474.0 min: Anti-parallel: 6.4%, Orthogonal: 13.5%, Parallel: 19.9%, Random: 60.3%\n",
      "Time 477.0 min: Anti-parallel: 17.0%, Orthogonal: 9.8%, Parallel: 26.8%, Random: 46.4%\n",
      "Time 480.0 min: Anti-parallel: 13.0%, Orthogonal: 27.9%, Parallel: 8.4%, Random: 50.6%\n",
      "Time 483.0 min: Anti-parallel: 5.8%, Orthogonal: 16.1%, Parallel: 24.5%, Random: 53.5%\n",
      "Time 486.0 min: Anti-parallel: 4.5%, Orthogonal: 31.4%, Parallel: 11.5%, Random: 52.6%\n",
      "Time 489.0 min: Anti-parallel: 7.0%, Orthogonal: 9.6%, Parallel: 21.7%, Random: 61.8%\n",
      "Time 492.0 min: Anti-parallel: 0.6%, Orthogonal: 21.7%, Parallel: 22.3%, Random: 55.4%\n",
      "Time 495.0 min: Anti-parallel: 5.7%, Orthogonal: 24.7%, Parallel: 18.4%, Random: 51.3%\n",
      "Time 498.0 min: Anti-parallel: 8.9%, Orthogonal: 17.2%, Parallel: 12.7%, Random: 61.1%\n",
      "Time 501.0 min: Anti-parallel: 9.4%, Orthogonal: 11.9%, Parallel: 13.1%, Random: 65.6%\n",
      "Time 504.0 min: Anti-parallel: 5.7%, Orthogonal: 25.2%, Parallel: 10.1%, Random: 59.1%\n",
      "Time 507.0 min: Anti-parallel: 12.8%, Orthogonal: 14.6%, Parallel: 15.2%, Random: 57.3%\n",
      "Time 510.0 min: Anti-parallel: 8.2%, Orthogonal: 18.2%, Parallel: 11.9%, Random: 61.6%\n",
      "Time 513.0 min: Anti-parallel: 10.3%, Orthogonal: 25.8%, Parallel: 7.7%, Random: 56.1%\n",
      "Time 516.0 min: Anti-parallel: 9.0%, Orthogonal: 32.1%, Parallel: 10.9%, Random: 48.1%\n",
      "Time 519.0 min: Anti-parallel: 10.3%, Orthogonal: 19.2%, Parallel: 10.3%, Random: 60.3%\n",
      "Time 522.0 min: Anti-parallel: 7.1%, Orthogonal: 19.4%, Parallel: 16.1%, Random: 57.4%\n",
      "Time 525.0 min: Anti-parallel: 6.4%, Orthogonal: 20.5%, Parallel: 11.5%, Random: 61.5%\n",
      "Time 528.0 min: Anti-parallel: 13.6%, Orthogonal: 20.1%, Parallel: 11.0%, Random: 55.2%\n",
      "Time 531.0 min: Anti-parallel: 8.2%, Orthogonal: 22.8%, Parallel: 6.3%, Random: 62.7%\n",
      "Time 534.0 min: Anti-parallel: 5.2%, Orthogonal: 14.3%, Parallel: 20.1%, Random: 60.4%\n",
      "Time 537.0 min: Anti-parallel: 7.1%, Orthogonal: 20.5%, Parallel: 12.2%, Random: 60.3%\n",
      "Time 540.0 min: Anti-parallel: 4.5%, Orthogonal: 24.0%, Parallel: 12.3%, Random: 59.1%\n",
      "Time 543.0 min: Anti-parallel: 12.3%, Orthogonal: 22.1%, Parallel: 10.4%, Random: 55.2%\n",
      "Time 546.0 min: Anti-parallel: 7.1%, Orthogonal: 24.7%, Parallel: 7.1%, Random: 61.0%\n",
      "Time 549.0 min: Anti-parallel: 4.4%, Orthogonal: 22.2%, Parallel: 6.3%, Random: 67.1%\n",
      "Time 552.0 min: Anti-parallel: 11.1%, Orthogonal: 24.8%, Parallel: 9.8%, Random: 54.2%\n",
      "Time 555.0 min: Anti-parallel: 11.5%, Orthogonal: 11.5%, Parallel: 3.8%, Random: 73.2%\n",
      "Time 558.0 min: Anti-parallel: 5.8%, Orthogonal: 12.3%, Parallel: 29.7%, Random: 52.3%\n",
      "Time 561.0 min: Anti-parallel: 5.1%, Orthogonal: 26.9%, Parallel: 15.4%, Random: 52.6%\n",
      "Time 564.0 min: Anti-parallel: 3.8%, Orthogonal: 13.1%, Parallel: 16.9%, Random: 66.2%\n",
      "Time 567.0 min: Anti-parallel: 18.0%, Orthogonal: 28.6%, Parallel: 7.5%, Random: 46.0%\n",
      "Time 570.0 min: Anti-parallel: 6.2%, Orthogonal: 12.4%, Parallel: 17.4%, Random: 64.0%\n",
      "Time 573.0 min: Anti-parallel: 3.7%, Orthogonal: 14.6%, Parallel: 25.6%, Random: 56.1%\n",
      "Time 576.0 min: Anti-parallel: 17.7%, Orthogonal: 14.6%, Parallel: 9.8%, Random: 57.9%\n",
      "Time 579.0 min: Anti-parallel: 4.8%, Orthogonal: 17.6%, Parallel: 22.4%, Random: 55.2%\n",
      "Time 582.0 min: Anti-parallel: 9.3%, Orthogonal: 19.9%, Parallel: 18.6%, Random: 52.2%\n",
      "Time 585.0 min: Anti-parallel: 12.9%, Orthogonal: 19.0%, Parallel: 12.9%, Random: 55.2%\n",
      "Time 588.0 min: Anti-parallel: 19.1%, Orthogonal: 18.5%, Parallel: 13.0%, Random: 49.4%\n",
      "Time 591.0 min: Anti-parallel: 8.5%, Orthogonal: 11.6%, Parallel: 14.6%, Random: 65.2%\n",
      "Time 594.0 min: Anti-parallel: 8.2%, Orthogonal: 17.6%, Parallel: 13.2%, Random: 61.0%\n",
      "Time 597.0 min: Anti-parallel: 16.0%, Orthogonal: 18.6%, Parallel: 6.4%, Random: 59.0%\n",
      "Time 600.0 min: Anti-parallel: 7.3%, Orthogonal: 24.0%, Parallel: 10.0%, Random: 58.7%\n",
      "Time 603.0 min: Anti-parallel: 4.8%, Orthogonal: 26.7%, Parallel: 13.7%, Random: 54.8%\n",
      "Time 606.0 min: Anti-parallel: 7.1%, Orthogonal: 15.6%, Parallel: 12.1%, Random: 65.2%\n",
      "Time 609.0 min: Anti-parallel: 7.6%, Orthogonal: 10.3%, Parallel: 12.4%, Random: 69.7%\n",
      "Time 612.0 min: Anti-parallel: 19.7%, Orthogonal: 12.0%, Parallel: 5.6%, Random: 62.7%\n",
      "Time 615.0 min: Anti-parallel: 7.9%, Orthogonal: 12.1%, Parallel: 37.1%, Random: 42.9%\n",
      "Time 618.0 min: Anti-parallel: 2.8%, Orthogonal: 12.7%, Parallel: 29.6%, Random: 54.9%\n",
      "Time 621.0 min: Anti-parallel: 2.1%, Orthogonal: 22.8%, Parallel: 13.8%, Random: 61.4%\n",
      "Time 624.0 min: Anti-parallel: 2.7%, Orthogonal: 23.6%, Parallel: 16.9%, Random: 56.8%\n",
      "Time 627.0 min: Anti-parallel: 13.5%, Orthogonal: 23.7%, Parallel: 7.7%, Random: 55.1%\n",
      "Time 630.0 min: Anti-parallel: 14.0%, Orthogonal: 17.7%, Parallel: 6.1%, Random: 62.2%\n",
      "Time 633.0 min: Anti-parallel: 7.6%, Orthogonal: 23.5%, Parallel: 8.2%, Random: 60.6%\n",
      "Time 636.0 min: Anti-parallel: 15.7%, Orthogonal: 16.9%, Parallel: 10.8%, Random: 56.6%\n",
      "Time 639.0 min: Anti-parallel: 6.6%, Orthogonal: 26.5%, Parallel: 10.8%, Random: 56.0%\n",
      "Time 642.0 min: Anti-parallel: 10.1%, Orthogonal: 28.0%, Parallel: 7.1%, Random: 54.8%\n",
      "Time 645.0 min: Anti-parallel: 7.1%, Orthogonal: 16.5%, Parallel: 10.6%, Random: 65.9%\n",
      "Time 648.0 min: Anti-parallel: 18.2%, Orthogonal: 22.4%, Parallel: 5.9%, Random: 53.5%\n",
      "Time 651.0 min: Anti-parallel: 8.4%, Orthogonal: 23.4%, Parallel: 7.2%, Random: 61.1%\n",
      "Time 654.0 min: Anti-parallel: 5.3%, Orthogonal: 24.3%, Parallel: 13.6%, Random: 56.8%\n",
      "Time 657.0 min: Anti-parallel: 11.4%, Orthogonal: 10.8%, Parallel: 14.5%, Random: 63.3%\n",
      "Time 660.0 min: Anti-parallel: 8.9%, Orthogonal: 18.5%, Parallel: 11.9%, Random: 60.7%\n",
      "Time 663.0 min: Anti-parallel: 10.8%, Orthogonal: 28.7%, Parallel: 10.2%, Random: 50.3%\n",
      "Time 666.0 min: Anti-parallel: 13.4%, Orthogonal: 24.4%, Parallel: 5.5%, Random: 56.7%\n",
      "Time 669.0 min: Anti-parallel: 9.0%, Orthogonal: 24.6%, Parallel: 10.2%, Random: 56.3%\n",
      "Time 672.0 min: Anti-parallel: 9.6%, Orthogonal: 18.6%, Parallel: 6.0%, Random: 65.9%\n",
      "Time 675.0 min: Anti-parallel: 5.3%, Orthogonal: 15.2%, Parallel: 11.1%, Random: 68.4%\n",
      "Time 678.0 min: Anti-parallel: 4.7%, Orthogonal: 14.2%, Parallel: 16.6%, Random: 64.5%\n",
      "Time 681.0 min: Anti-parallel: 4.8%, Orthogonal: 11.4%, Parallel: 16.3%, Random: 67.5%\n",
      "Time 684.0 min: Anti-parallel: 10.1%, Orthogonal: 26.8%, Parallel: 8.3%, Random: 54.8%\n",
      "Time 687.0 min: Anti-parallel: 13.3%, Orthogonal: 14.5%, Parallel: 1.2%, Random: 71.1%\n",
      "Time 690.0 min: Anti-parallel: 10.1%, Orthogonal: 15.5%, Parallel: 15.5%, Random: 58.9%\n",
      "Time 693.0 min: Anti-parallel: 5.9%, Orthogonal: 24.3%, Parallel: 11.2%, Random: 58.6%\n",
      "Time 696.0 min: Anti-parallel: 6.1%, Orthogonal: 23.9%, Parallel: 9.8%, Random: 60.1%\n",
      "Time 699.0 min: Anti-parallel: 6.1%, Orthogonal: 35.0%, Parallel: 9.2%, Random: 49.7%\n",
      "Time 702.0 min: Anti-parallel: 6.8%, Orthogonal: 13.6%, Parallel: 15.4%, Random: 64.2%\n",
      "Time 705.0 min: Anti-parallel: 7.9%, Orthogonal: 17.6%, Parallel: 7.3%, Random: 67.3%\n",
      "Time 708.0 min: Anti-parallel: 11.8%, Orthogonal: 18.9%, Parallel: 7.1%, Random: 62.1%\n",
      "Time 711.0 min: Anti-parallel: 6.6%, Orthogonal: 30.7%, Parallel: 5.4%, Random: 57.2%\n",
      "Time 714.0 min: Anti-parallel: 8.9%, Orthogonal: 25.0%, Parallel: 8.9%, Random: 57.1%\n",
      "Time 717.0 min: Anti-parallel: 6.1%, Orthogonal: 11.5%, Parallel: 23.6%, Random: 58.8%\n",
      "Time 720.0 min: Anti-parallel: 7.2%, Orthogonal: 23.5%, Parallel: 9.6%, Random: 59.6%\n",
      "Time 723.0 min: Anti-parallel: 6.7%, Orthogonal: 18.2%, Parallel: 16.4%, Random: 58.8%\n",
      "Time 726.0 min: Anti-parallel: 8.0%, Orthogonal: 17.3%, Parallel: 13.6%, Random: 61.1%\n",
      "Time 729.0 min: Anti-parallel: 5.7%, Orthogonal: 26.1%, Parallel: 8.9%, Random: 59.2%\n",
      "Time 732.0 min: Anti-parallel: 7.5%, Orthogonal: 17.5%, Parallel: 8.8%, Random: 66.2%\n",
      "Time 735.0 min: Anti-parallel: 6.8%, Orthogonal: 21.1%, Parallel: 9.9%, Random: 62.1%\n",
      "Time 738.0 min: Anti-parallel: 13.0%, Orthogonal: 19.3%, Parallel: 8.7%, Random: 59.0%\n",
      "Time 741.0 min: Anti-parallel: 8.1%, Orthogonal: 15.0%, Parallel: 10.6%, Random: 66.2%\n",
      "Time 744.0 min: Anti-parallel: 4.8%, Orthogonal: 21.0%, Parallel: 14.4%, Random: 59.9%\n",
      "Time 747.0 min: Anti-parallel: 4.1%, Orthogonal: 22.2%, Parallel: 15.8%, Random: 57.9%\n",
      "Time 750.0 min: Anti-parallel: 6.4%, Orthogonal: 26.3%, Parallel: 9.4%, Random: 57.9%\n",
      "Time 753.0 min: Anti-parallel: 14.2%, Orthogonal: 11.8%, Parallel: 9.5%, Random: 64.5%\n",
      "Time 756.0 min: Anti-parallel: 1.7%, Orthogonal: 15.8%, Parallel: 4.5%, Random: 78.0%\n",
      "Time 759.0 min: Anti-parallel: 48.0%, Orthogonal: 5.1%, Parallel: 3.4%, Random: 43.4%\n",
      "Time 762.0 min: Anti-parallel: 2.2%, Orthogonal: 9.3%, Parallel: 20.8%, Random: 67.8%\n",
      "Time 765.0 min: Anti-parallel: 1.1%, Orthogonal: 6.3%, Parallel: 47.9%, Random: 44.7%\n",
      "Time 768.0 min: Anti-parallel: 1.6%, Orthogonal: 28.0%, Parallel: 16.4%, Random: 54.0%\n",
      "Time 771.0 min: Anti-parallel: 4.2%, Orthogonal: 29.7%, Parallel: 9.4%, Random: 56.8%\n",
      "Time 774.0 min: Anti-parallel: 3.1%, Orthogonal: 22.8%, Parallel: 13.0%, Random: 61.1%\n",
      "Time 777.0 min: Anti-parallel: 2.5%, Orthogonal: 18.3%, Parallel: 24.3%, Random: 55.0%\n",
      "Time 780.0 min: Anti-parallel: 4.9%, Orthogonal: 17.6%, Parallel: 13.2%, Random: 64.2%\n",
      "Time 783.0 min: Anti-parallel: 2.0%, Orthogonal: 8.8%, Parallel: 21.1%, Random: 68.1%\n",
      "Time 786.0 min: Anti-parallel: 11.8%, Orthogonal: 20.6%, Parallel: 5.9%, Random: 61.8%\n",
      "Time 789.0 min: Anti-parallel: 14.1%, Orthogonal: 13.6%, Parallel: 8.7%, Random: 63.6%\n",
      "Time 792.0 min: Anti-parallel: 6.4%, Orthogonal: 15.7%, Parallel: 8.3%, Random: 69.6%\n",
      "Time 795.0 min: Anti-parallel: 18.1%, Orthogonal: 15.7%, Parallel: 7.8%, Random: 58.3%\n",
      "Time 798.0 min: Anti-parallel: 5.3%, Orthogonal: 10.2%, Parallel: 16.5%, Random: 68.0%\n",
      "Time 801.0 min: Anti-parallel: 5.4%, Orthogonal: 13.7%, Parallel: 11.7%, Random: 69.3%\n",
      "Time 804.0 min: Anti-parallel: 5.9%, Orthogonal: 31.2%, Parallel: 7.9%, Random: 55.0%\n",
      "Time 807.0 min: Anti-parallel: 9.9%, Orthogonal: 28.1%, Parallel: 4.9%, Random: 57.1%\n",
      "Time 810.0 min: Anti-parallel: 6.9%, Orthogonal: 25.5%, Parallel: 10.3%, Random: 57.4%\n",
      "Time 813.0 min: Anti-parallel: 9.8%, Orthogonal: 17.6%, Parallel: 15.6%, Random: 57.1%\n",
      "Time 816.0 min: Anti-parallel: 12.1%, Orthogonal: 18.9%, Parallel: 7.3%, Random: 61.7%\n",
      "Time 819.0 min: Anti-parallel: 9.3%, Orthogonal: 17.1%, Parallel: 15.1%, Random: 58.5%\n",
      "Time 822.0 min: Anti-parallel: 6.3%, Orthogonal: 19.9%, Parallel: 9.7%, Random: 64.1%\n",
      "Time 825.0 min: Anti-parallel: 13.1%, Orthogonal: 17.5%, Parallel: 9.2%, Random: 60.2%\n",
      "Time 828.0 min: Anti-parallel: 14.4%, Orthogonal: 15.4%, Parallel: 7.5%, Random: 62.7%\n",
      "Time 831.0 min: Anti-parallel: 11.5%, Orthogonal: 25.5%, Parallel: 8.5%, Random: 54.5%\n",
      "Time 834.0 min: Anti-parallel: 7.6%, Orthogonal: 25.8%, Parallel: 3.0%, Random: 63.6%\n",
      "Time 837.0 min: Anti-parallel: 3.6%, Orthogonal: 19.0%, Parallel: 11.3%, Random: 66.2%\n",
      "Time 840.0 min: Anti-parallel: 10.7%, Orthogonal: 30.6%, Parallel: 2.0%, Random: 56.6%\n",
      "Time 843.0 min: Anti-parallel: 9.3%, Orthogonal: 24.4%, Parallel: 1.0%, Random: 65.3%\n",
      "Time 846.0 min: Anti-parallel: 12.7%, Orthogonal: 17.5%, Parallel: 5.8%, Random: 64.0%\n",
      "Time 849.0 min: Anti-parallel: 5.2%, Orthogonal: 37.0%, Parallel: 4.7%, Random: 53.1%\n",
      "Time 852.0 min: Anti-parallel: 5.3%, Orthogonal: 36.9%, Parallel: 7.5%, Random: 50.3%\n",
      "Time 855.0 min: Anti-parallel: 7.9%, Orthogonal: 23.8%, Parallel: 13.2%, Random: 55.0%\n",
      "Time 858.0 min: Anti-parallel: 8.3%, Orthogonal: 31.6%, Parallel: 5.2%, Random: 54.9%\n",
      "Time 861.0 min: Anti-parallel: 11.4%, Orthogonal: 19.2%, Parallel: 7.8%, Random: 61.7%\n",
      "Time 864.0 min: Anti-parallel: 5.1%, Orthogonal: 16.7%, Parallel: 16.7%, Random: 61.6%\n",
      "Time 867.0 min: Anti-parallel: 26.6%, Orthogonal: 16.1%, Parallel: 3.5%, Random: 53.8%\n",
      "Time 870.0 min: Anti-parallel: 11.6%, Orthogonal: 27.6%, Parallel: 5.5%, Random: 55.3%\n",
      "Time 873.0 min: Anti-parallel: 6.2%, Orthogonal: 27.7%, Parallel: 8.2%, Random: 57.9%\n",
      "Time 876.0 min: Anti-parallel: 7.1%, Orthogonal: 25.8%, Parallel: 5.6%, Random: 61.6%\n",
      "Time 879.0 min: Anti-parallel: 3.0%, Orthogonal: 17.9%, Parallel: 19.9%, Random: 59.2%\n",
      "Time 882.0 min: Anti-parallel: 12.4%, Orthogonal: 19.8%, Parallel: 6.9%, Random: 60.9%\n",
      "Time 885.0 min: Anti-parallel: 5.5%, Orthogonal: 31.7%, Parallel: 6.5%, Random: 56.3%\n",
      "Time 888.0 min: Anti-parallel: 6.1%, Orthogonal: 25.3%, Parallel: 8.1%, Random: 60.6%\n",
      "Time 891.0 min: Anti-parallel: 8.6%, Orthogonal: 18.3%, Parallel: 9.6%, Random: 63.5%\n",
      "Time 894.0 min: Anti-parallel: 5.1%, Orthogonal: 23.1%, Parallel: 10.3%, Random: 61.5%\n",
      "Time 897.0 min: Anti-parallel: 8.8%, Orthogonal: 19.2%, Parallel: 10.4%, Random: 61.7%\n",
      "Time 900.0 min: Anti-parallel: 7.3%, Orthogonal: 23.4%, Parallel: 12.0%, Random: 57.3%\n",
      "Time 903.0 min: Anti-parallel: 9.9%, Orthogonal: 24.6%, Parallel: 8.9%, Random: 56.5%\n",
      "Time 906.0 min: Anti-parallel: 11.7%, Orthogonal: 17.0%, Parallel: 11.7%, Random: 59.6%\n",
      "Time 909.0 min: Anti-parallel: 10.6%, Orthogonal: 27.0%, Parallel: 4.2%, Random: 58.2%\n",
      "Time 912.0 min: Anti-parallel: 6.1%, Orthogonal: 14.5%, Parallel: 11.2%, Random: 68.2%\n",
      "Time 915.0 min: Anti-parallel: 10.4%, Orthogonal: 22.5%, Parallel: 13.3%, Random: 53.8%\n",
      "Time 918.0 min: Anti-parallel: 13.5%, Orthogonal: 23.5%, Parallel: 4.7%, Random: 58.2%\n",
      "Time 921.0 min: Anti-parallel: 11.0%, Orthogonal: 20.1%, Parallel: 11.6%, Random: 57.3%\n",
      "Time 924.0 min: Anti-parallel: 3.7%, Orthogonal: 18.6%, Parallel: 18.6%, Random: 59.0%\n",
      "Time 927.0 min: Anti-parallel: 12.0%, Orthogonal: 23.4%, Parallel: 8.2%, Random: 56.3%\n",
      "Time 930.0 min: Anti-parallel: 13.9%, Orthogonal: 18.8%, Parallel: 4.8%, Random: 62.4%\n",
      "Time 933.0 min: Anti-parallel: 9.9%, Orthogonal: 16.4%, Parallel: 0.7%, Random: 73.0%\n",
      "Time 936.0 min: Anti-parallel: 5.7%, Orthogonal: 20.4%, Parallel: 9.6%, Random: 64.3%\n",
      "Time 939.0 min: Anti-parallel: 16.0%, Orthogonal: 19.8%, Parallel: 3.7%, Random: 60.5%\n",
      "Time 942.0 min: Anti-parallel: 11.7%, Orthogonal: 11.1%, Parallel: 6.8%, Random: 70.4%\n",
      "Time 945.0 min: Anti-parallel: 3.1%, Orthogonal: 20.6%, Parallel: 16.9%, Random: 59.4%\n",
      "Time 948.0 min: Anti-parallel: 7.9%, Orthogonal: 23.0%, Parallel: 7.9%, Random: 61.2%\n",
      "Time 951.0 min: Anti-parallel: 13.6%, Orthogonal: 22.2%, Parallel: 6.8%, Random: 57.4%\n",
      "Time 954.0 min: Anti-parallel: 10.3%, Orthogonal: 21.7%, Parallel: 4.6%, Random: 63.4%\n",
      "Time 957.0 min: Anti-parallel: 10.2%, Orthogonal: 22.6%, Parallel: 9.0%, Random: 58.2%\n",
      "Time 960.0 min: Anti-parallel: 12.0%, Orthogonal: 25.1%, Parallel: 7.7%, Random: 55.2%\n",
      "Time 963.0 min: Anti-parallel: 8.2%, Orthogonal: 22.3%, Parallel: 7.1%, Random: 62.5%\n",
      "Time 966.0 min: Anti-parallel: 10.8%, Orthogonal: 21.6%, Parallel: 8.1%, Random: 59.5%\n",
      "Time 969.0 min: Anti-parallel: 12.9%, Orthogonal: 20.4%, Parallel: 3.8%, Random: 62.9%\n",
      "Time 972.0 min: Anti-parallel: 11.3%, Orthogonal: 24.7%, Parallel: 4.8%, Random: 59.1%\n",
      "Time 975.0 min: Anti-parallel: 11.3%, Orthogonal: 25.8%, Parallel: 2.7%, Random: 60.2%\n",
      "Time 978.0 min: Anti-parallel: 6.9%, Orthogonal: 22.2%, Parallel: 9.5%, Random: 61.4%\n",
      "Time 981.0 min: Anti-parallel: 14.1%, Orthogonal: 23.9%, Parallel: 7.1%, Random: 54.9%\n",
      "Time 984.0 min: Anti-parallel: 3.2%, Orthogonal: 21.2%, Parallel: 15.3%, Random: 60.3%\n",
      "Time 987.0 min: Anti-parallel: 10.5%, Orthogonal: 18.9%, Parallel: 8.4%, Random: 62.1%\n",
      "Time 990.0 min: Anti-parallel: 11.4%, Orthogonal: 21.6%, Parallel: 3.8%, Random: 63.2%\n",
      "Time 993.0 min: Anti-parallel: 8.3%, Orthogonal: 21.5%, Parallel: 9.9%, Random: 60.2%\n",
      "Time 996.0 min: Anti-parallel: 8.3%, Orthogonal: 24.4%, Parallel: 7.2%, Random: 60.0%\n",
      "Time 999.0 min: Anti-parallel: 9.0%, Orthogonal: 23.2%, Parallel: 9.0%, Random: 58.8%\n",
      "Time 1002.0 min: Anti-parallel: 7.6%, Orthogonal: 23.5%, Parallel: 5.3%, Random: 63.5%\n",
      "Time 1005.0 min: Anti-parallel: 6.5%, Orthogonal: 16.0%, Parallel: 9.5%, Random: 68.0%\n",
      "Time 1008.0 min: Anti-parallel: 4.7%, Orthogonal: 21.9%, Parallel: 7.1%, Random: 66.3%\n",
      "Time 1011.0 min: Anti-parallel: 6.8%, Orthogonal: 24.8%, Parallel: 8.1%, Random: 60.2%\n",
      "Time 1014.0 min: Anti-parallel: 8.7%, Orthogonal: 28.0%, Parallel: 5.6%, Random: 57.8%\n",
      "Time 1017.0 min: Anti-parallel: 13.2%, Orthogonal: 19.8%, Parallel: 5.4%, Random: 61.7%\n",
      "Time 1020.0 min: Anti-parallel: 6.5%, Orthogonal: 20.0%, Parallel: 12.3%, Random: 61.3%\n",
      "Time 1023.0 min: Anti-parallel: 10.2%, Orthogonal: 19.8%, Parallel: 11.4%, Random: 58.7%\n",
      "Time 1026.0 min: Anti-parallel: 12.5%, Orthogonal: 26.7%, Parallel: 9.7%, Random: 51.1%\n",
      "Time 1029.0 min: Anti-parallel: 16.9%, Orthogonal: 26.6%, Parallel: 4.5%, Random: 52.0%\n",
      "Time 1032.0 min: Anti-parallel: 6.3%, Orthogonal: 15.5%, Parallel: 12.6%, Random: 65.5%\n",
      "Time 1035.0 min: Anti-parallel: 5.0%, Orthogonal: 20.7%, Parallel: 12.3%, Random: 62.0%\n",
      "Time 1038.0 min: Anti-parallel: 7.6%, Orthogonal: 20.7%, Parallel: 15.8%, Random: 56.0%\n",
      "Time 1041.0 min: Anti-parallel: 8.1%, Orthogonal: 23.8%, Parallel: 5.9%, Random: 62.2%\n",
      "Time 1044.0 min: Anti-parallel: 7.9%, Orthogonal: 23.2%, Parallel: 7.4%, Random: 61.6%\n",
      "Time 1047.0 min: Anti-parallel: 6.5%, Orthogonal: 19.9%, Parallel: 8.1%, Random: 65.6%\n",
      "Time 1050.0 min: Anti-parallel: 12.1%, Orthogonal: 22.1%, Parallel: 10.0%, Random: 55.8%\n",
      "Time 1053.0 min: Anti-parallel: 8.9%, Orthogonal: 20.3%, Parallel: 9.9%, Random: 60.9%\n",
      "Time 1056.0 min: Anti-parallel: 8.6%, Orthogonal: 22.5%, Parallel: 10.2%, Random: 58.8%\n",
      "Time 1059.0 min: Anti-parallel: 14.2%, Orthogonal: 18.9%, Parallel: 10.0%, Random: 56.8%\n",
      "Time 1062.0 min: Anti-parallel: 12.7%, Orthogonal: 20.1%, Parallel: 2.6%, Random: 64.6%\n",
      "Time 1065.0 min: Anti-parallel: 9.6%, Orthogonal: 23.9%, Parallel: 8.5%, Random: 58.0%\n",
      "Time 1068.0 min: Anti-parallel: 11.7%, Orthogonal: 26.1%, Parallel: 6.9%, Random: 55.3%\n",
      "Time 1071.0 min: Anti-parallel: 9.6%, Orthogonal: 23.4%, Parallel: 8.0%, Random: 59.0%\n",
      "Time 1074.0 min: Anti-parallel: 8.6%, Orthogonal: 21.1%, Parallel: 7.0%, Random: 63.2%\n",
      "Time 1077.0 min: Anti-parallel: 5.9%, Orthogonal: 23.7%, Parallel: 7.5%, Random: 62.9%\n",
      "Time 1080.0 min: Anti-parallel: 8.1%, Orthogonal: 21.4%, Parallel: 11.6%, Random: 59.0%\n",
      "Time 1083.0 min: Anti-parallel: 6.8%, Orthogonal: 21.6%, Parallel: 9.3%, Random: 62.3%\n",
      "Time 1086.0 min: Anti-parallel: 9.1%, Orthogonal: 26.8%, Parallel: 6.7%, Random: 57.3%\n",
      "Time 1089.0 min: Anti-parallel: 11.6%, Orthogonal: 17.4%, Parallel: 9.7%, Random: 61.3%\n",
      "Time 1092.0 min: Anti-parallel: 16.0%, Orthogonal: 16.7%, Parallel: 7.3%, Random: 60.0%\n",
      "Time 1095.0 min: Anti-parallel: 10.2%, Orthogonal: 21.9%, Parallel: 8.0%, Random: 59.9%\n",
      "Time 1098.0 min: Anti-parallel: 10.9%, Orthogonal: 29.5%, Parallel: 12.4%, Random: 47.3%\n",
      "Time 1101.0 min: Anti-parallel: 11.8%, Orthogonal: 21.3%, Parallel: 2.2%, Random: 64.7%\n",
      "Time 1104.0 min: Anti-parallel: 8.1%, Orthogonal: 25.8%, Parallel: 10.5%, Random: 55.6%\n",
      "Time 1107.0 min: Anti-parallel: 8.6%, Orthogonal: 31.0%, Parallel: 11.2%, Random: 49.1%\n",
      "Time 1110.0 min: Anti-parallel: 9.6%, Orthogonal: 26.1%, Parallel: 8.7%, Random: 55.7%\n",
      "Time 1113.0 min: Anti-parallel: 3.5%, Orthogonal: 27.0%, Parallel: 5.2%, Random: 64.3%\n",
      "Time 1116.0 min: Anti-parallel: 7.9%, Orthogonal: 22.8%, Parallel: 12.3%, Random: 57.0%\n",
      "Time 1119.0 min: Anti-parallel: 18.1%, Orthogonal: 27.6%, Parallel: 5.2%, Random: 49.1%\n",
      "Time 1122.0 min: Anti-parallel: 8.7%, Orthogonal: 22.2%, Parallel: 6.3%, Random: 62.7%\n",
      "Time 1125.0 min: Anti-parallel: 7.9%, Orthogonal: 26.3%, Parallel: 9.6%, Random: 56.1%\n",
      "Time 1128.0 min: Anti-parallel: 5.0%, Orthogonal: 28.6%, Parallel: 10.9%, Random: 55.5%\n",
      "Time 1131.0 min: Anti-parallel: 8.9%, Orthogonal: 18.7%, Parallel: 6.5%, Random: 65.9%\n",
      "Time 1134.0 min: Anti-parallel: 16.2%, Orthogonal: 16.2%, Parallel: 6.9%, Random: 60.8%\n",
      "Time 1137.0 min: Anti-parallel: 8.5%, Orthogonal: 27.9%, Parallel: 7.0%, Random: 56.6%\n",
      "Time 1140.0 min: Anti-parallel: 5.8%, Orthogonal: 23.1%, Parallel: 9.1%, Random: 62.0%\n",
      "Time 1143.0 min: Anti-parallel: 8.1%, Orthogonal: 21.3%, Parallel: 11.8%, Random: 58.8%\n",
      "Time 1146.0 min: Anti-parallel: 6.0%, Orthogonal: 24.1%, Parallel: 5.3%, Random: 64.7%\n",
      "Time 1149.0 min: Anti-parallel: 6.0%, Orthogonal: 30.8%, Parallel: 3.8%, Random: 59.4%\n",
      "Time 1152.0 min: Anti-parallel: 9.2%, Orthogonal: 21.4%, Parallel: 8.4%, Random: 61.1%\n",
      "Time 1155.0 min: Anti-parallel: 10.6%, Orthogonal: 26.5%, Parallel: 7.6%, Random: 55.3%\n",
      "Time 1158.0 min: Anti-parallel: 5.3%, Orthogonal: 21.4%, Parallel: 13.0%, Random: 60.3%\n",
      "Time 1161.0 min: Anti-parallel: 10.8%, Orthogonal: 23.1%, Parallel: 5.4%, Random: 60.8%\n",
      "Time 1164.0 min: Anti-parallel: 7.0%, Orthogonal: 18.8%, Parallel: 10.9%, Random: 63.3%\n",
      "Time 1167.0 min: Anti-parallel: 8.3%, Orthogonal: 18.2%, Parallel: 13.6%, Random: 59.8%\n",
      "Time 1170.0 min: Anti-parallel: 11.5%, Orthogonal: 16.0%, Parallel: 9.2%, Random: 63.4%\n",
      "Time 1173.0 min: Anti-parallel: 5.1%, Orthogonal: 22.1%, Parallel: 7.4%, Random: 65.4%\n",
      "Time 1176.0 min: Anti-parallel: 4.5%, Orthogonal: 25.4%, Parallel: 9.0%, Random: 61.2%\n",
      "Time 1179.0 min: Anti-parallel: 10.8%, Orthogonal: 22.3%, Parallel: 9.4%, Random: 57.6%\n",
      "Time 1182.0 min: Anti-parallel: 7.0%, Orthogonal: 23.8%, Parallel: 15.4%, Random: 53.8%\n",
      "Time 1185.0 min: Anti-parallel: 9.4%, Orthogonal: 17.3%, Parallel: 8.6%, Random: 64.7%\n",
      "Time 1188.0 min: Anti-parallel: 9.9%, Orthogonal: 23.2%, Parallel: 7.7%, Random: 59.2%\n",
      "Time 1191.0 min: Anti-parallel: 12.6%, Orthogonal: 18.9%, Parallel: 8.7%, Random: 59.8%\n",
      "Time 1194.0 min: Anti-parallel: 8.3%, Orthogonal: 22.7%, Parallel: 7.6%, Random: 61.4%\n",
      "Time 1197.0 min: Anti-parallel: 7.2%, Orthogonal: 25.4%, Parallel: 7.2%, Random: 60.1%\n",
      "Time 1200.0 min: Anti-parallel: 3.2%, Orthogonal: 17.7%, Parallel: 7.3%, Random: 71.8%\n",
      "Time 1203.0 min: Anti-parallel: 4.9%, Orthogonal: 25.4%, Parallel: 9.8%, Random: 59.8%\n",
      "Time 1206.0 min: Anti-parallel: 9.4%, Orthogonal: 17.2%, Parallel: 13.3%, Random: 60.2%\n",
      "Time 1209.0 min: Anti-parallel: 12.5%, Orthogonal: 21.1%, Parallel: 10.9%, Random: 55.5%\n",
      "Time 1212.0 min: Anti-parallel: 5.8%, Orthogonal: 25.8%, Parallel: 11.7%, Random: 56.7%\n",
